20 0.9 0.4 0.2 0.1 0.05 1.2 0.02 0.01 0.05 -1 0 0 0 0 0 0 0 0 0 0 0 0 1 0 0 0 0 0 0 0 0 0 0 0 0 0 1400
12 0.6 0.1 0.4 0.05 0.2 3 0.02 0.02 0.01 0 -1 0 0 0 0 0 0 0 0 0 0 0 0 1 0 0 0 0 0 0 0 0 0 0 0 0 1000
2 0.02 0.01 0.7 0 0.01 1.5 0.03 0.2 0 0 0 -1 0 0 0 0 0 0 0 0 0 0 0 0 1 0 0 0 0 0 0 0 0 0 0 0 180
6 0.4 6 0.4 0 0.1 0.6 0.01 0.01 0 0 0 0 -1 0 0 0 0 0 0 0 0 0 0 0 0 1 0 0 0 0 0 0 0 0 0 0 4200
3.5 0.04 0.02 0.01 0.8 0.03 0.1 0.01 0.005 0.005 0 0 0 0 -1 0 0 0 0 0 0 0 0 0 0 0 0 1 0 0 0 0 0 0 0 0 0 220
8 0.02 0.01 0.02 7.2 0.05 0.02 0.1 0 0.05 0 0 0 0 0 -1 0 0 0 0 0 0 0 0 0 0 0 0 1 0 0 0 0 0 0 0 0 2800
3.2 0.04 0.02 0.9 0.1 0.02 2 0.05 0.25 0 0 0 0 0 0 0 -1 0 0 0 0 0 0 0 0 0 0 0 0 1 0 0 0 0 0 0 0 450
6 0.01 0 0.01 2.5 0.01 0.01 0.2 0 0.02 0 0 0 0 0 0 0 -1 0 0 0 0 0 0 0 0 0 0 0 0 1 0 0 0 0 0 0 1400
2 0.01 0 0 0 6.5 0.1 0 0 0 0 0 0 0 0 0 0 0 -1 0 0 0 0 0 0 0 0 0 0 0 0 1 0 0 0 0 0 2600
10 0.03 0.02 0.02 3.2 0.01 0.05 0.15 0.02 0.04 0 0 0 0 0 0 0 0 0 -1 0 0 0 0 0 0 0 0 0 0 0 0 1 0 0 0 0 1800
2.5 0.03 0.01 0.4 0.05 0.02 1.2 0.03 0.1 0 0 0 0 0 0 0 0 0 0 0 -1 0 0 0 0 0 0 0 0 0 0 0 0 1 0 0 0 700
3 0.02 0.01 0 0 0 0 0 0 1.5 0 0 0 0 0 0 0 0 0 0 0 -1 0 0 0 0 0 0 0 0 0 0 0 0 1 0 0 5000
9 0.4 0.05 0.05 0.01 0.3 2.5 0.01 0.01 0.01 0 0 0 0 0 0 0 0 0 0 0 0 -1 0 0 0 0 0 0 0 0 0 0 0 0 1 0 400
-1000 -35 -25 -20 -60 -45 -80 -12 -6 -10 20 20 20 20 20 20 20 20 20 20 20 20 20 0 0 0 0 0 0 0 0 0 0 0 0 0 1 0
